161 148 130 130 120 117 122 169 151 129 130 120 120 126 173 152 127 130 118 116 126 176 154 128 132 119 114 123 174 150 125 129 117 110 119 172 146 126 130 121 112 118 166 144 132 134 126 117 117
79 198 179 135 22 2 1 63 199 180 136 18 2 0 48 196 182 135 15 2 0 36 190 184 133 15 1 0 26 182 186 128 14 1 0 23 180 189 127 15 1 0 12 119 139 82 11 1 0
8 87 205 187 175 29 1 6 74 205 190 172 22 1 5 58 203 194 169 18 1 5 46 200 197 165 17 1 6 37 195 199 160 19 1 8 33 195 204 161 22 1 4 19 150 170 123 19 1
24 5 2 1 0 0 1 21 4 2 0 0 0 0 23 4 2 1 0 0 0 28 6 2 0 0 0 0 38 7 2 0 0 0 0 54 9 2 0 0 0 0 68 16 4 0 0 0 0
186 195 197 198 198 200 190 192 199 200 200 200 202 194 195 201 201 202 202 203 196 195 201 201 202 201 202 195 194 202 203 203 203 204 194 190 202 210 211 206 197 177 54 52 53 50 47 45 44
0 0 0 0 0 0 1 0 0 0 0 0 0 0 0 0 0 0 0 0 0 0 0 0 0 0 0 0 0 0 0 0 0 0 0 0 0 0 0 0 0 0 0 0 0 0 0 0 0
68 80 87 63 29 11 4 171 174 144 87 50 31 19 156 126 86 71 56 40 30 96 77 68 66 57 49 42 75 65 64 64 56 48 44 71 65 65 68 63 56 46 76 73 74 74 69 61 50
1 2 3 18 151 208 209 0 1 2 14 156 208 210 0 1 1 12 153 208 208 0 1 1 14 147 208 203 1 2 2 15 132 210 200 1 1 1 6 97 183 180 0 0 0 0 18 70 66
125 145 125 80 75 80 130 90 90 85 85 85 75 120 115 120 115 105 90 65 150 150 135 145 125 95 60 190 170 165 165 135 105 55 160 180 165 130 90 90 70 85 175 140 105 90 90 90 70
16 13 14 10 3 1 0 76 48 34 22 5 2 1 141 136 90 42 8 2 1 166 177 166 75 14 2 0 182 182 189 116 19 2 1 185 184 190 152 32 2 1 184 186 184 165 52 8 3
21 32 176 195 195 195 190 14 43 214 211 212 215 214 9 71 224 206 210 212 211 8 105 226 205 211 213 210 15 137 223 205 211 214 207 29 158 219 206 213 215 206 43 160 209 201 209 209 200
191 131 22 2 0 0 0 195 148 25 1 0 0 0 195 160 29 1 0 0 0 195 168 36 2 0 0 0 196 174 44 2 0 0 0 197 178 53 2 0 0 0 180 162 57 3 0 0 0
103 102 95 86 79 69 53 125 117 101 102 106 97 68 112 89 75 83 105 119 85 125 111 108 120 133 148 116 166 168 169 175 177 183 149 186 191 193 194 192 194 161 179 183 188 189 186 186 155
13 23 50 85 122 165 179 2 4 7 16 35 64 91 1 1 2 2 3 5 17 1 1 1 1 1 1 4 0 0 0 0 1 1 3 0 0 0 0 0 0 2 0 0 0 0 0 0 2
6 6 14 54 88 72 59 3 3 14 59 101 83 68 1 2 13 63 114 91 66 1 2 13 69 123 90 62 2 3 14 80 124 87 61 3 4 20 86 117 87 64 5 7 25 75 95 77 61
188 192 194 192 192 189 57 194 196 196 195 195 187 56 194 191 186 178 173 155 39 82 72 65 63 65 51 17 30 28 29 36 46 42 25 37 37 37 41 49 38 19 16 16 16 20 26 15 6
168 182 187 188 190 193 173 174 189 192 192 193 196 177 176 190 193 193 193 195 177 178 194 198 198 198 200 181 172 188 197 197 195 191 161 54 45 46 44 42 40 38 15 9 8 8 8 10 12
0 0 1 1 1 2 3 1 0 1 2 2 4 9 1 1 2 4 6 15 31 1 3 6 12 30 58 87 4 12 31 64 109 141 146 16 56 104 151 170 170 163 62 116 148 166 166 167 166
134 124 78 73 67 54 49 157 138 78 72 67 55 49 166 143 70 68 69 57 50 174 143 66 68 69 61 53 173 137 65 70 71 66 56 172 132 75 79 79 74 60 157 121 81 82 79 73 58
211 119 172 194 182 184 184 213 95 176 194 184 185 185 208 70 186 194 184 186 186 191 48 195 192 186 187 188 166 41 202 190 186 187 187 137 46 206 190 188 189 189 109 56 198 182 182 184 184
3 2 2 1 0 0 0 13 3 3 1 0 0 0 90 23 4 1 0 0 0 159 102 14 1 1 0 0 173 170 52 3 0 0 0 173 184 102 9 1 1 1 176 182 131 24 3 2 3
87 81 78 77 74 65 55 96 87 85 84 81 70 59 95 87 85 82 81 72 59 95 88 85 81 80 73 59 93 88 85 81 80 74 59 93 90 88 84 83 75 60 82 79 78 74 71 65 52
175 188 194 194 194 198 164 178 192 196 196 195 199 165 181 196 201 201 201 205 172 181 196 205 204 201 198 154 52 42 41 38 37 36 32 19 10 9 10 11 12 15 13 10 9 9 9 9 9
1 1 1 5 131 219 214 0 1 1 3 154 221 218 0 1 1 2 172 220 220 0 1 1 3 186 218 222 0 1 1 7 193 217 223 0 1 1 16 197 217 225 1 1 1 24 189 213 219
1 1 2 5 66 145 148 1 1 2 5 82 161 165 0 1 1 6 101 174 171 0 1 1 7 124 174 172 0 1 1 13 137 172 175 0 1 2 23 145 173 179 1 2 5 30 137 166 173
10 3 2 1 0 0 0 97 24 7 2 0 0 0 205 133 17 2 0 0 0 196 199 56 2 0 0 0 196 205 107 2 0 0 0 199 204 136 7 1 1 1 200 197 150 21 1 1 0
1 1 2 2 5 13 113 1 1 1 2 5 14 137 1 1 1 2 5 17 157 1 1 1 2 4 21 168 1 1 1 2 4 27 174 1 1 1 2 5 36 179 1 1 1 2 5 42 157
8 13 20 33 55 80 93 23 39 49 70 118 150 139 23 30 41 73 94 75 69 23 30 50 69 43 20 20 28 41 62 56 25 20 21 33 47 55 35 18 17 19 39 47 44 26 15 14 17
48 53 56 52 46 39 35 49 57 67 60 49 39 35 44 51 62 63 51 41 37 42 49 56 59 54 44 38 39 46 52 53 53 45 37 37 42 48 49 50 44 36 31 35 39 39 41 39 32
201 197 154 26 0 0 0 205 200 168 31 0 0 0 205 199 177 36 0 0 0 204 199 183 42 0 0 0 201 200 185 49 0 0 0 199 203 185 56 1 0 0 170 180 161 54 2 0 0
175 177 155 77 22 6 3 177 179 160 73 13 2 2 180 184 148 63 11 2 2 174 163 111 48 8 3 3 117 95 58 21 3 2 2 45 33 19 6 1 1 1 12 7 5 2 1 1 1
99 81 51 33 28 32 36 112 87 48 30 26 30 39 122 109 77 57 52 58 61 142 139 125 112 110 119 109 172 176 178 176 176 177 142 134 139 145 143 136 122 86 29 28 26 23 20 18 19
47 78 101 105 115 128 131 58 111 129 132 137 142 137 75 132 143 142 144 147 144 68 120 145 153 159 159 154 30 47 64 75 86 95 102 11 10 14 18 23 27 36 5 4 5 6 7 10 15
106 45 23 8 3 2 2 119 49 24 7 2 1 1 126 56 26 8 2 1 1 125 60 28 8 2 2 1 121 59 28 8 2 2 1 111 56 28 8 2 2 1 81 46 26 8 2 2 1
7 20 61 80 94 117 122 5 23 76 101 123 144 143 6 30 94 117 128 139 140 14 46 112 125 128 139 139 22 60 124 128 127 138 137 33 77 134 133 132 141 138 46 84 126 128 129 136 134
205 211 211 212 211 211 209 210 214 213 213 213 213 212 213 215 213 214 213 213 214 214 215 214 215 214 214 214 213 214 214 215 214 213 213 212 214 216 217 216 213 212 203 206 210 211 209 204 200
12 9 6 6 9 18 27 9 9 8 9 16 31 39 18 24 25 27 39 57 63 65 94 99 105 115 125 110 77 111 128 138 140 139 123 31 36 40 45 51 60 65 17 18 15 14 15 21 25
0 0 0 0 0 0 0 0 0 0 0 0 0 0 0 0 0 0 0 0 0 0 0 0 0 0 0 2 0 0 0 0 0 1 7 0 0 0 0 1 4 20 1 2 4 7 15 34 93
3 4 23 116 147 143 144 1 3 21 133 160 158 159 1 2 19 139 159 157 156 1 1 20 143 158 158 154 1 2 22 141 158 161 149 1 1 24 133 156 163 145 0 1 25 102 124 133 114
4 4 60 186 189 193 43 2 2 51 185 192 192 33 1 1 42 181 195 188 24 1 0 34 177 197 185 19 1 0 29 170 199 179 17 2 1 26 167 203 180 22 1 1 16 122 163 131 15
2 2 3 10 45 97 98 1 2 4 11 53 116 105 3 5 7 15 58 117 101 6 8 10 17 59 93 77 4 5 6 13 48 68 55 3 4 5 11 38 50 41 4 4 5 10 30 36 32
19 32 44 47 58 73 74 24 44 63 68 83 104 107 37 65 84 86 90 102 112 52 81 91 86 88 98 105 59 83 90 85 86 94 101 60 83 92 89 89 95 102 59 74 78 78 80 85 92
5 4 6 11 11 5 2 5 4 7 16 17 7 3 6 5 10 31 38 17 6 20 22 41 73 86 52 20 100 122 145 160 158 120 60 170 186 184 181 179 157 90 166 175 175 175 174 161 97
125 132 90 21 3 1 1 212 223 207 117 39 5 2 202 210 208 194 151 79 24 206 211 207 204 201 177 121 203 208 205 202 202 201 179 201 204 202 202 201 202 195 199 200 199 198 199 201 197
21 12 9 15 21 15 4 93 86 84 86 80 40 7 169 175 180 177 155 75 9 186 191 190 189 181 93 8 190 191 188 188 189 106 8 192 193 193 190 193 123 11 191 191 191 186 186 136 19
203 204 205 188 66 8 6 214 215 213 207 69 4 3 212 214 211 213 71 1 2 211 216 210 217 79 1 1 207 216 209 218 91 1 1 205 219 211 217 108 3 1 192 210 202 201 113 10 1
4 6 14 23 22 13 8 30 48 82 108 101 74 53 137 175 187 190 188 178 152 177 192 190 190 192 195 181 181 189 189 190 190 192 186 184 190 191 192 192 193 188 182 188 189 190 190 191 186
192 196 196 194 152 71 24 196 198 197 200 154 60 15 196 197 198 194 138 47 8 196 202 193 160 102 28 5 157 144 107 70 34 7 4 92 51 23 12 7 4 4 48 15 6 6 5 5 3
172 172 121 59 18 3 7 192 160 75 27 7 3 8 135 69 21 8 3 3 7 47 11 5 3 2 2 6 13 3 2 2 2 2 3 8 2 2 2 2 2 2 6 3 3 3 3 3 2
11 9 6 7 5 5 6 10 13 9 8 6 7 8 10 14 14 10 10 10 9 11 15 17 17 16 12 11 14 19 24 27 22 14 11 21 32 41 40 24 12 9 39 53 64 55 29 14 9
153 150 147 145 86 20 7 166 160 155 157 94 15 3 163 158 152 159 98 12 2 162 159 152 159 100 12 1 159 161 152 158 102 14 1 159 166 155 155 102 16 1 137 145 132 127 87 19 2
101 100 85 74 62 51 41 37 30 31 32 28 22 20 10 9 9 11 11 9 8 4 3 2 3 4 3 3 2 1 0 1 1 2 2 1 0 0 0 1 1 2 1 0 0 0 1 1 1
2 3 4 6 20 84 162 2 2 2 5 16 91 175 2 3 3 6 17 92 177 4 6 7 9 22 92 167 4 6 6 9 22 75 136 3 4 5 6 14 44 86 3 3 4 4 6 18 31
129 129 125 119 116 102 51 137 138 136 132 130 119 57 145 146 145 142 141 133 71 154 157 157 156 157 152 83 157 163 164 158 151 132 69 46 40 38 33 30 24 17 12 8 8 8 9 10 8
90 103 71 18 3 1 1 170 184 161 80 32 11 4 173 170 154 137 103 63 30 164 156 146 140 135 122 93 150 145 140 136 134 132 119 142 135 134 135 136 138 127 138 132 132 134 134 136 130
172 195 201 198 193 187 152 59 55 56 56 55 57 56 7 2 2 2 3 5 11 6 2 2 2 2 3 4 4 1 1 1 1 1 2 3 0 0 0 1 1 2 1 0 0 0 0 1 1
200 202 202 200 205 195 56 204 206 205 204 206 211 55 204 206 205 204 205 219 54 205 207 207 206 204 221 53 203 207 207 206 204 221 55 203 209 209 207 205 219 61 196 203 204 201 198 203 60
113 220 193 186 167 58 1 75 225 195 187 166 49 1 41 225 197 187 165 40 1 21 220 200 188 164 31 1 12 209 203 188 159 23 0 9 199 206 191 155 19 0 7 169 195 178 135 14 1
1 2 2 2 10 163 212 1 2 2 1 11 184 213 1 1 1 1 14 196 211 1 1 1 1 20 204 210 1 1 1 1 28 207 210 0 1 1 1 40 208 212 1 1 1 1 51 194 200
29 27 24 22 28 44 48 40 45 44 46 54 70 68 98 130 134 135 136 140 119 87 106 113 117 118 117 101 19 18 16 16 18 22 26 7 7 8 8 9 11 11 5 4 5 5 6 9 10
153 192 142 189 203 199 199 145 181 128 191 206 202 201 105 134 106 192 207 203 201 59 79 91 189 207 204 203 33 44 86 189 205 205 203 23 25 87 190 205 207 206 19 20 85 177 194 199 197
1 3 4 66 205 198 200 1 3 3 70 218 204 208 1 3 2 76 221 204 207 1 3 2 88 222 204 206 1 2 2 101 219 205 200 1 2 6 114 218 210 199 2 4 11 104 191 193 172
1 1 2 5 9 16 29 1 2 5 10 20 48 61 5 11 25 41 73 102 107 32 68 106 136 164 174 169 77 140 168 179 180 182 181 111 167 179 183 185 187 185 116 156 169 179 184 188 187
214 216 215 211 223 103 24 214 216 215 211 226 93 15 212 218 215 212 227 78 8 208 218 215 212 224 65 4 201 216 214 214 218 56 2 202 220 217 213 204 43 1 135 155 150 142 123 13 0
2 1 2 3 7 15 42 2 2 2 3 8 17 51 2 2 3 4 9 22 58 2 2 3 4 10 25 60 1 2 2 4 11 25 60 1 1 2 3 10 22 50 1 1 1 3 9 19 33
121 117 115 119 107 104 170 121 115 114 117 105 92 178 121 116 114 116 106 81 182 123 118 115 117 108 75 184 123 117 113 115 111 70 180 123 117 115 114 113 71 171 110 107 105 105 106 67 146
31 104 207 192 194 184 53 21 97 210 193 196 185 42 9 86 211 194 197 185 30 4 75 209 195 199 184 19 3 68 204 196 200 179 14 4 64 199 198 202 172 14 5 50 167 182 184 140 11
43 80 101 117 122 110 100 87 144 157 156 161 162 153 109 155 147 144 150 153 154 111 150 143 143 149 151 150 113 150 143 143 148 150 149 116 150 146 147 151 153 151 104 127 127 130 134 137 135
159 185 190 190 191 191 165 155 178 191 193 190 189 159 44 37 36 37 41 49 55 9 4 3 3 3 6 12 9 5 5 5 5 5 8 7 3 2 2 2 3 4 2 1 1 1 1 1 2
185 189 188 189 190 40 14 215 218 216 212 226 66 9 211 212 211 206 226 96 7 212 212 212 207 225 128 6 213 213 213 208 222 153 7 213 214 213 208 219 169 12 212 214 213 207 215 175 19
103 119 123 122 119 108 76 125 147 151 150 148 132 94 114 131 140 140 135 120 88 31 27 27 26 26 24 24 11 6 6 7 7 7 8 10 5 5 5 6 5 6 4 2 2 2 3 2 3
171 177 176 178 178 178 180 177 181 177 178 179 179 184 181 183 178 179 180 179 185 183 184 179 181 182 179 186 182 184 179 182 182 180 184 182 186 182 185 185 181 183 176 181 180 183 182 176 175
28 40 67 88 72 42 28 145 190 213 216 211 192 146 192 209 205 203 205 209 194 198 203 203 203 203 204 197 201 204 203 203 203 204 200 200 202 201 200 200 202 199 198 199 197 197 195 198 197
0 0 0 0 0 0 1 0 0 0 0 0 0 4 0 0 0 0 0 1 41 0 0 0 0 1 21 126 0 0 0 0 4 82 191 0 0 0 0 19 150 196 1 1 2 8 52 178 191
1 1 0 1 2 4 6 1 1 1 1 3 7 14 1 1 1 2 5 18 32 1 1 2 4 13 38 42 2 3 4 8 30 63 61 3 5 9 20 66 106 92 5 7 15 46 103 121 102
74 77 80 89 96 99 116 93 99 102 108 114 126 159 100 98 96 99 100 114 160 97 93 92 95 96 101 144 96 92 89 93 93 98 127 97 94 94 95 97 100 110 96 94 93 95 95 96 97
7 8 10 8 3 2 1 21 28 33 22 8 3 2 66 84 92 63 23 8 4 144 161 158 127 67 24 11 160 164 165 162 131 66 35 159 165 170 174 177 143 97 159 165 170 173 175 160 125
125 126 127 124 130 115 45 130 130 130 126 134 125 43 128 128 128 125 131 130 41 126 127 127 124 129 131 40 125 129 128 124 130 133 43 133 138 139 135 138 129 41 97 100 98 92 89 81 22
11 1 0 0 0 0 0 19 1 0 0 0 0 0 39 1 0 0 0 0 0 85 7 1 0 0 0 0 149 34 1 0 0 0 0 179 78 4 0 0 0 0 179 110 16 1 0 0 1
25 28 24 20 18 16 14 4 5 5 4 4 4 4 2 3 2 1 1 1 1 1 2 2 1 1 0 0 1 2 2 1 0 0 0 1 2 2 1 1 0 0 1 1 2 1 0 0 0
1 1 4 26 82 141 142 2 6 39 102 179 210 204 19 60 127 178 195 198 198 91 145 181 191 194 200 200 146 178 188 191 194 198 198 173 191 191 193 195 196 197 185 193 192 193 194 195 195
31 83 176 184 187 192 193 23 96 191 193 194 196 196 21 102 191 194 195 197 197 17 100 187 194 195 197 197 10 84 176 192 195 197 196 6 37 108 145 165 178 182 1 3 10 20 33 45 57
153 157 150 141 103 13 5 194 196 192 188 158 22 4 187 186 183 182 179 40 3 187 186 183 179 190 67 4 188 187 183 177 192 102 8 188 188 184 178 190 137 22 189 189 185 177 185 150 34
5 16 40 98 169 187 189 5 21 51 120 181 189 192 5 14 42 111 170 188 193 4 6 17 57 101 131 148 4 5 6 14 26 44 63 2 3 3 4 5 7 19 2 2 2 2 2 3 10
0 0 0 0 0 0 1 0 0 0 0 0 0 1 0 0 0 0 0 0 5 0 0 0 0 0 0 18 0 0 0 0 0 1 66 0 0 0 0 0 13 141 0 0 1 1 6 61 177
198 201 202 140 132 190 129 200 206 209 128 105 196 140 202 203 211 128 78 182 130 204 206 211 139 60 145 110 201 205 208 151 44 105 91 201 206 208 155 44 76 79 199 203 192 152 58 56 63
157 155 152 150 149 151 146 159 155 151 149 149 154 150 158 155 150 148 148 153 152 159 156 151 149 148 155 153 156 156 151 149 149 155 152 156 158 156 154 153 159 153 148 152 151 149 148 150 143
102 106 109 110 108 106 102 113 118 117 115 115 116 110 112 115 114 111 112 116 112 111 116 115 112 112 117 113 108 116 115 112 112 117 114 108 117 119 118 118 122 119 98 108 110 109 109 112 109
2 3 32 170 193 188 187 1 1 30 203 215 213 215 1 1 30 214 210 210 209 1 1 34 219 210 212 208 1 1 43 219 208 212 205 1 3 55 216 210 215 203 2 5 61 191 196 203 187
0 1 1 1 6 35 90 0 1 1 2 8 48 120 0 0 1 2 11 90 174 0 0 0 2 22 140 179 0 1 1 3 46 158 177 0 1 2 7 68 166 179 1 1 2 15 83 162 176
8 19 128 191 180 183 181 3 14 151 208 194 201 200 1 12 166 205 190 197 195 1 12 176 204 191 200 192 1 14 179 202 191 200 185 1 19 179 203 194 204 182 2 24 154 188 183 192 166
44 183 203 194 197 197 194 38 196 205 196 200 201 198 34 203 204 196 201 202 199 33 205 203 197 202 203 199 40 204 202 197 201 202 197 49 200 204 202 208 209 203 46 160 171 177 184 186 180
184 188 185 183 186 180 46 186 190 187 185 188 189 43 183 190 187 185 188 188 37 178 190 188 184 187 178 31 171 186 185 182 187 163 26 171 188 188 182 178 133 19 115 130 128 118 108 65 9
163 187 194 195 196 199 190 169 195 201 201 202 203 196 164 188 202 203 203 206 191 52 45 46 48 51 57 60 14 5 5 5 6 9 15 15 9 8 8 8 9 12 5 2 1 1 1 2 3
3 4 13 17 8 3 2 13 19 37 51 22 4 2 61 91 117 121 63 12 4 162 178 183 187 153 78 38 189 191 193 197 205 184 122 186 193 198 200 202 208 185 188 193 198 201 202 204 184
29 31 42 57 46 16 3 192 202 200 192 153 43 6 200 201 195 196 166 48 7 195 195 192 195 168 42 6 198 198 193 195 168 37 4 198 197 192 193 164 38 2 199 199 193 188 157 48 3
1 3 8 19 25 33 47 3 19 66 114 144 161 164 12 61 132 179 190 190 187 28 89 159 187 186 189 189 28 97 169 188 189 191 192 16 82 153 176 183 188 191 22 74 123 138 150 158 164
1 1 2 2 2 1 1 2 1 1 2 2 1 2 2 1 1 3 3 2 3 2 2 2 4 5 5 5 4 4 6 10 12 13 13 21 28 38 47 50 47 42 90 123 149 153 143 124 99
4 4 5 7 5 3 2 5 4 4 8 6 3 2 5 4 5 10 9 4 3 7 6 8 15 19 12 4 28 27 32 43 48 34 13 130 146 155 154 138 105 59 179 189 187 184 173 142 87
24 23 20 14 5 1 1 31 36 29 20 6 2 1 40 55 52 33 12 4 2 55 76 86 57 23 8 4 76 96 114 87 38 15 9 81 94 108 96 50 23 14 69 75 84 84 51 25 15
